Unit: dimensionless (ratio of electricity demand in this hour to annual demand),Hour0,Hour1,Hour2,Hour3,Hour4,Hour5,Hour6,Hour7,Hour8,Hour9,Hour10,Hour11,Hour12,Hour13,Hour14,Hour15,Hour16,Hour17,Hour18,Hour19,Hour20,Hour21,Hour22,Hour23
Winter,0.000160245,0.000157122,0.000156251,0.000156737,0.000163535,0.000177989,0.000196392,0.000206504,0.00019641,0.000191661,0.000186578,0.000181704,0.000179826,0.00017701,0.000181358,0.000193141,0.00022471,0.000290044,0.000321325,0.000289529,0.000230876,0.00019225,0.000183492,0.000175891
Spring,8.4174E-05,8.29243E-05,8.3412E-05,8.61183E-05,9.34848E-05,0.000105293,0.000116987,0.000122286,0.000114432,0.000106376,9.95692E-05,9.51716E-05,9.22274E-05,9.01394E-05,9.17299E-05,9.67618E-05,0.00011394,0.000147242,0.000169152,0.000163689,0.000137485,0.000110285,9.80101E-05,9.10723E-05
Fall,4.32607E-05,4.43953E-05,4.55056E-05,4.81508E-05,5.37072E-05,6.148E-05,6.87469E-05,6.93635E-05,6.46741E-05,6.04248E-05,5.63234E-05,5.29894E-05,5.01517E-05,4.78329E-05,4.60484E-05,4.56126E-05,5.08226E-05,6.30965E-05,7.60417E-05,8.40765E-05,7.77291E-05,6.1467E-05,4.98238E-05,4.49951E-05
Summer,4.30715E-05,4.56399E-05,4.44033E-05,4.26718E-05,4.06377E-05,3.66004E-05,3.43824E-05,3.92073E-05,4.41289E-05,5.11129E-05,5.55861E-05,5.70989E-05,5.92159E-05,5.90555E-05,5.57148E-05,4.78666E-05,4.13693E-05,3.42803E-05,2.93114E-05,3.17544E-05,4.11436E-05,4.81854E-05,4.54594E-05,4.19911E-05
1 Peak Summer,5.85095E-05,6.10338E-05,5.81729E-05,5.43537E-05,4.83229E-05,3.90572E-05,3.1392E-05,3.96354E-05,5.00493E-05,6.31704E-05,7.25057E-05,7.68829E-05,8.24273E-05,8.48313E-05,8.14012E-05,7.05479E-05,6.04969E-05,4.59477E-05,3.11799E-05,2.76507E-05,4.09131E-05,5.99962E-05,6.24989E-05,5.81406E-05
2 Peak Summer,4.21825E-05,4.50723E-05,4.36188E-05,4.04499E-05,3.63279E-05,2.88901E-05,2.22987E-05,2.80033E-05,3.73647E-05,4.80783E-05,5.56377E-05,5.86152E-05,6.29486E-05,6.45986E-05,6.0801E-05,5.16229E-05,4.33394E-05,3.03071E-05,1.88983E-05,1.8139E-05,2.97814E-05,4.49749E-05,4.51741E-05,4.23356E-05
3 Peak Summer,5.34112E-05,5.58806E-05,5.342E-05,4.97886E-05,4.40079E-05,3.52357E-05,2.87473E-05,3.69856E-05,4.70794E-05,5.98034E-05,6.86116E-05,7.27252E-05,7.77452E-05,8.02662E-05,7.69979E-05,6.66687E-05,5.67455E-05,4.26891E-05,2.87909E-05,2.58116E-05,3.87119E-05,5.63251E-05,5.91661E-05,5.54761E-05
4 Peak Summer,3.89408E-05,4.21131E-05,4.05937E-05,3.76674E-05,3.38866E-05,2.72928E-05,2.14371E-05,2.70441E-05,3.58637E-05,4.60096E-05,5.30715E-05,5.57834E-05,5.99073E-05,6.15531E-05,5.792E-05,4.85902E-05,4.0393E-05,2.8041E-05,1.75629E-05,1.76079E-05,2.92672E-05,4.33565E-05,4.35592E-05,4.09357E-05
5 Peak Summer,5.85207E-05,6.09168E-05,5.82441E-05,5.45854E-05,4.85035E-05,3.9306E-05,3.19527E-05,4.01457E-05,5.04263E-05,6.35368E-05,7.28102E-05,7.72212E-05,8.25135E-05,8.50698E-05,8.15791E-05,7.10464E-05,6.10483E-05,4.66119E-05,3.17841E-05,2.8411E-05,4.17226E-05,6.01248E-05,6.29036E-05,5.86436E-05
1 Peak Winter,0.000233498,0.000229115,0.000232005,0.000225515,0.00022223,0.000226731,0.000246212,0.000267293,0.000259494,0.000265957,0.000269518,0.000268001,0.000270327,0.000267122,0.000266059,0.000283686,0.000318393,0.000401816,0.000431907,0.000375405,0.000300545,0.000266325,0.000266609,0.000262227
2 Peak Winter,0.000198451,0.000195594,0.000193105,0.000191362,0.000195264,0.000207287,0.000228305,0.000243707,0.000236818,0.000239229,0.000238564,0.000234539,0.000232053,0.000227384,0.000231674,0.000243232,0.000274756,0.000349163,0.000379819,0.000334776,0.000267199,0.000227591,0.000222847,0.000217268
3 Peak Winter,0.000214994,0.000210984,0.000212002,0.000207652,0.000207138,0.000214858,0.000234852,0.000252467,0.00024498,0.000248292,0.000249416,0.000246781,0.000247789,0.000244769,0.000246569,0.000262479,0.000296573,0.000373945,0.000401659,0.00035113,0.000281814,0.000246115,0.0002437,0.000238943
4 Peak Winter,0.000200597,0.000196298,0.000196069,0.000193226,0.000195188,0.000205734,0.000229857,0.000248393,0.000240741,0.00024622,0.000248598,0.000246429,0.000246244,0.000241921,0.000242225,0.000255259,0.000288282,0.000360884,0.000395742,0.000350745,0.000277215,0.000239856,0.000233995,0.000226142
5 Peak Winter,0.000209746,0.000206513,0.000203049,0.000197364,0.000196249,0.00020178,0.000221545,0.000237961,0.000232088,0.000237882,0.000241177,0.000238474,0.0002368,0.000231231,0.000234826,0.000245245,0.000275807,0.00035808,0.000389945,0.000334968,0.000266213,0.000226397,0.000226603,0.000225337
